cam0:
  cam_overlaps: [1]
  camera_model: pinhole
  distortion_coeffs: [0.06528833646572475, -0.07122415786450806, 0.0004959455394974678, 0.00035018624597160446]
  distortion_model: radtan
  intrinsics: [413.4394923251053, 387.2808823169809, 319.6554912403254, 240.4616899049264]
  resolution: [640, 480]
  rostopic: /zhz/driver/cam4/image_raw
cam1:
  T_cn_cnm1:
    - [0.9999973248556286, 0.0011975176684167073, 0.00197894745178403, -0.10007850092870585]
    - [-0.0011948480122038166, 0.9999983753761412, -0.001349660439766528, 0.0005923323514349937]
    - [-0.001980560478961771, 0.0013472922878009815, 0.9999971310877233, -0.00033792753585085595]
    - [0.0, 0.0, 0.0, 1.0]
  cam_overlaps: [0]
  camera_model: pinhole
  distortion_coeffs: [0.06792341883521896, -0.0749815505434311, 0.00011941432868218498, -0.0004369526445498187]
  distortion_model: radtan
  intrinsics: [414.0592795061457, 387.79838794801145, 320.8114989374121, 240.50489869764095]
  resolution: [640, 480]
  rostopic: /zhz/driver/cam5/image_raw